      0/99     2.49G    0.1092   0.02398         0    0.1332         6       640  0.001932    0.1361 0.0006416 9.132e-05   0.09684   0.01822         0
      1/99      2.5G   0.09516   0.02149         0    0.1167         5       640  0.005138    0.1769   0.00225 0.0004092   0.08398   0.01661         0
      2/99      2.5G   0.07966   0.02302         0    0.1027         3       640   0.09768   0.08844   0.02806  0.005442   0.07105    0.0163         0
      3/99      2.5G   0.06756   0.02294         0    0.0905         6       640    0.1788    0.2517    0.1204   0.02267   0.06106   0.01557         0
      4/99      2.5G   0.05984   0.02106         0    0.0809         9       640    0.4439    0.3802     0.397    0.1163   0.05268   0.01426         0
      5/99      2.5G   0.05769   0.01883         0   0.07652         9       640     0.585    0.5374    0.5252    0.1678   0.05375   0.01244         0
      6/99      2.5G   0.05555   0.01755         0    0.0731         3       640     0.581    0.4558    0.4741    0.1612   0.05559   0.01161         0
      7/99      2.5G   0.05378   0.01629         0   0.07007        10       640    0.4876    0.5696    0.5087     0.146   0.05471   0.01029         0
      8/99      2.5G   0.05405   0.01468         0   0.06872         8       640    0.1352    0.2313   0.09771   0.02399   0.08257  0.009107         0
      9/99      2.5G   0.05329   0.01453         0   0.06781         7       640    0.3529    0.5986    0.4117   0.09627   0.05505  0.009946         0
     10/99      2.5G   0.05091   0.01362         0   0.06454        10       640    0.6517    0.7007     0.641    0.2023   0.04704  0.008603         0
     11/99      2.5G   0.05138   0.01194         0   0.06333         1       640    0.8311    0.6803    0.7944    0.2719   0.04673  0.008015         0
     12/99      2.5G   0.05497   0.01263         0    0.0676         4       640    0.6185     0.585    0.5213    0.1598   0.05452  0.008975         0
     13/99      2.5G    0.0491   0.01207         0   0.06117         5       640    0.7738    0.6667    0.7323    0.2619   0.04589  0.007946         0
     14/99      2.5G   0.05013   0.01154         0   0.06168         9       640    0.6493    0.6171    0.6364    0.2161   0.04994  0.008214         0
     15/99      2.5G   0.04892   0.01117         0   0.06009         5       640    0.3375    0.1769    0.1114   0.03333   0.08253    0.0119         0
     16/99      2.5G   0.05127   0.01174         0   0.06301         5       640    0.2261   0.06122   0.03157   0.01624   0.07561   0.01544         0
     17/99      2.5G   0.04806   0.01109         0   0.05916        10       640    0.5438    0.4966    0.4927    0.1596   0.05133  0.008835         0
     18/99      2.5G   0.04605  0.009933         0   0.05598         9       640    0.7254    0.7211    0.7603    0.3082   0.04548  0.007034         0
     19/99      2.5G   0.04398   0.01059         0   0.05457         8       640    0.6357    0.6531    0.6014    0.2361   0.04785  0.008851         0
     20/99      2.5G   0.04358   0.01024         0   0.05382         8       640    0.6289    0.5303    0.5077    0.1803    0.0553  0.008547         0
     21/99      2.5G    0.0428   0.01012         0   0.05292         8       640    0.8183    0.8912    0.8497    0.3811   0.03953  0.006726         0
     22/99      2.5G   0.04391   0.01056         0   0.05447         8       640    0.7366    0.7075     0.698    0.2651   0.04398  0.008066         0
     23/99      2.5G   0.04088  0.009722         0    0.0506         9       640    0.7783    0.6939    0.7715    0.3411   0.04556  0.007012         0
     24/99      2.5G   0.04218  0.009745         0   0.05192         7       640    0.8525    0.9044    0.8964     0.393   0.04107  0.006432         0
     25/99      2.5G    0.0391  0.009642         0   0.04874        10       640    0.8077    0.8571    0.8869    0.4208   0.04106  0.006245         0
     26/99      2.5G   0.03979  0.009385         0   0.04918         8       640    0.6748    0.7483     0.734    0.2926    0.0437  0.008274         0
     27/99      2.5G   0.03765  0.008923         0   0.04657         7       640    0.5862    0.7613    0.6568    0.2335    0.0469  0.007771         0
     28/99      2.5G   0.03805  0.009441         0   0.04749         4       640    0.8341    0.8571    0.8716    0.3903   0.04234  0.005947         0
     29/99      2.5G   0.03669  0.009055         0   0.04574         5       640    0.8807    0.9048    0.9249    0.4618   0.03852  0.005999         0
     30/99      2.5G   0.03769  0.009074         0   0.04676         6       640    0.8649    0.8707    0.9019    0.4293   0.04051  0.005979         0
     31/99      2.5G    0.0376  0.008619         0   0.04622         5       640    0.8618    0.8908     0.917    0.4479   0.04129  0.005924         0
     32/99      2.5G   0.03734  0.009152         0    0.0465         7       640    0.8761    0.8776     0.894    0.4311   0.04056  0.006084         0
     33/99      2.5G   0.03519  0.008572         0   0.04376         5       640    0.8451    0.8909    0.8689    0.4114   0.04262  0.006117         0
     34/99      2.5G   0.03486  0.008882         0   0.04374        10       640    0.8311    0.8367    0.8798    0.3843   0.04296  0.005987         0
     35/99      2.5G   0.03592  0.008698         0   0.04462         5       640    0.9111    0.8367    0.8922    0.3727    0.0424  0.006189         0
     36/99      2.5G   0.03511  0.008815         0   0.04393         9       640    0.9141    0.8707    0.9164    0.4458   0.03776  0.005721         0
     37/99      2.5G   0.03635  0.008624         0   0.04497        12       640    0.9357     0.898    0.9359    0.4412    0.0393  0.005792         0
     38/99      2.5G   0.03456  0.008109         0   0.04267         8       640    0.9241    0.9116    0.9368    0.4507   0.03737  0.005646         0
     39/99      2.5G   0.03338  0.008186         0   0.04156         8       640     0.858    0.9048    0.8937    0.4479   0.03699   0.00581         0
     40/99      2.5G   0.03481  0.008328         0   0.04314         6       640    0.8788     0.898    0.8821    0.4331    0.0372  0.005968         0
     41/99      2.5G   0.03226  0.008142         0    0.0404         9       640    0.8724    0.8844    0.8805    0.4482   0.03801  0.006084         0
     42/99      2.5G   0.03326  0.008437         0   0.04169         9       640    0.9103     0.898    0.8953    0.4518   0.03643  0.005847         0
     43/99      2.5G   0.03367  0.008062         0   0.04174         8       640    0.9265    0.8569    0.9091     0.431    0.0395  0.005825         0
     44/99      2.5G   0.03301  0.008208         0   0.04122         6       640    0.9103     0.898    0.9062    0.4457   0.03728  0.005902         0
     45/99      2.5G   0.03259  0.008187         0   0.04078         5       640    0.9006    0.8027    0.8407    0.4272   0.03901  0.006742         0
     46/99      2.5G   0.03309  0.008301         0   0.04139         6       640    0.9272    0.9524    0.9565    0.4576   0.03716  0.005643         0
     47/99      2.5G   0.03254   0.00846         0     0.041        11       640    0.9295     0.898    0.9245    0.4774   0.03753  0.005712         0
     48/99      2.5G   0.03175  0.008126         0   0.03988         8       640    0.9085    0.9455    0.9331    0.4527   0.03764  0.005821         0
     49/99      2.5G   0.03392  0.008111         0   0.04203         8       640    0.9121    0.9184    0.9254    0.4796   0.03574  0.005699         0
     50/99      2.5G   0.03061   0.00788         0   0.03849         5       640    0.9369    0.9116    0.9369    0.4832   0.03695  0.005832         0
     51/99      2.5G   0.03153  0.007636         0   0.03917        10       640    0.9062    0.9252    0.9354    0.4806   0.03594  0.005983         0
     52/99      2.5G   0.03146  0.007805         0   0.03927         9       640    0.9278    0.8776     0.933    0.4803   0.03733  0.005969         0
     53/99      2.5G   0.03115  0.007691         0   0.03884         4       640    0.9121    0.9181    0.9316    0.4758   0.03712  0.005883         0
     54/99      2.5G   0.03085  0.008098         0   0.03895         7       640    0.9391    0.9456    0.9373    0.4622   0.03744  0.005702         0
     55/99      2.5G     0.032  0.007627         0   0.03963         3       640    0.9194     0.932    0.9386     0.469   0.03835  0.005829         0
     56/99      2.5G   0.03125   0.00781         0   0.03906         7       640     0.911    0.9047    0.9205    0.4477   0.03924  0.005917         0
     57/99      2.5G   0.02934  0.007678         0   0.03702         9       640    0.8939    0.8639    0.9069     0.461   0.03776  0.006146         0
     58/99      2.5G   0.03035  0.007598         0   0.03794        13       640    0.9245    0.9184    0.9194    0.4611   0.03719  0.005729         0
     59/99      2.5G   0.03083  0.008239         0   0.03907        12       640    0.9252    0.9251    0.9246    0.4497   0.03793  0.005925         0
     60/99      2.5G   0.03033  0.008055         0   0.03839         9       640    0.9366    0.9047    0.9359    0.4683   0.03705  0.005893         0
     61/99      2.5G   0.03167  0.007797         0   0.03946         7       640     0.932    0.9318    0.9361     0.457   0.03776  0.005798         0
     62/99      2.5G   0.03014   0.00786         0     0.038        12       640    0.9319     0.932    0.9419    0.4919   0.03601  0.005587         0
     63/99      2.5G   0.02955  0.007687         0   0.03724         8       640    0.9252    0.9252    0.9265     0.511   0.03586  0.005555         0
     64/99      2.5G   0.03001  0.007594         0    0.0376        10       640    0.9301    0.9048    0.9274    0.4966   0.03675  0.005681         0
     65/99      2.5G      0.03   0.00743         0   0.03743         7       640    0.9138    0.9388    0.9246    0.4777   0.03712  0.005662         0
     66/99      2.5G   0.02905  0.007782         0   0.03683         8       640       0.9    0.9184    0.9168    0.4824     0.037   0.00577         0
     67/99      2.5G   0.02979  0.007666         0   0.03746         7       640    0.9172    0.9048    0.9264    0.4854   0.03711  0.005641         0
     68/99      2.5G   0.02845  0.007185         0   0.03564         8       640    0.9054    0.9116    0.9251    0.4882   0.03672  0.005612         0
     69/99      2.5G   0.02865  0.007732         0   0.03638         9       640     0.898    0.8979    0.9194    0.4903   0.03804  0.005652         0
     70/99      2.5G   0.02804  0.007299         0   0.03534         9       640    0.8768    0.7755    0.8676    0.4003   0.04165  0.007109         0
     71/99      2.5G   0.02849   0.00746         0   0.03595         5       640    0.8917     0.898    0.9041    0.4858   0.03701  0.005744         0
     72/99      2.5G   0.02866  0.007367         0   0.03602         8       640    0.9041     0.898    0.8965    0.4774   0.03658    0.0058         0
     73/99      2.5G   0.02843  0.007077         0    0.0355        12       640    0.9115    0.9116    0.9258     0.467   0.03732  0.005968         0
     74/99      2.5G   0.02869  0.007422         0   0.03611         4       640    0.9183    0.9184     0.932    0.4809   0.03736  0.005613         0
     75/99      2.5G   0.02861  0.007381         0   0.03599         7       640    0.9172    0.9048    0.9051    0.4872   0.03676  0.005712         0
     76/99      2.5G   0.02914  0.007678         0   0.03682        12       640    0.8897    0.8775    0.9003     0.471   0.03676  0.005958         0
     77/99      2.5G   0.02672  0.006964         0   0.03369         7       640    0.8896    0.8776    0.8762    0.4581   0.03785  0.005979         0
     78/99      2.5G   0.02738  0.006791         0   0.03417        11       640    0.9506    0.9184    0.9328    0.4926   0.03642  0.005671         0
     79/99      2.5G   0.02796  0.007292         0   0.03525         4       640    0.8919     0.898    0.9101    0.4823   0.03634  0.005734         0
     80/99      2.5G   0.02687  0.007219         0   0.03409         7       640     0.943    0.9048    0.9268    0.4933   0.03667  0.005771         0
     81/99      2.5G   0.02815  0.007276         0   0.03543        10       640    0.9257    0.9319    0.9314    0.4886   0.03706  0.005758         0
     82/99      2.5G   0.02745  0.007382         0   0.03483         6       640     0.924    0.9116     0.931       0.5   0.03726  0.005812         0
     83/99      2.5G   0.02664  0.006972         0   0.03361         9       640    0.9364    0.9048    0.9333    0.5028   0.03607  0.005721         0
     84/99      2.5G   0.02602  0.007074         0   0.03309         8       640    0.9371    0.9115     0.945    0.5004    0.0365  0.005755         0
     85/99      2.5G   0.02665  0.007091         0   0.03374        10       640    0.9189    0.9251    0.9394    0.4781   0.03654  0.005828         0
     86/99      2.5G   0.02706  0.006795         0   0.03385         8       640    0.9097    0.8908    0.9208    0.4821   0.03655  0.005942         0
     87/99      2.5G   0.02686  0.006888         0   0.03375         8       640    0.9251    0.9252    0.9136    0.4788   0.03645  0.005787         0
     88/99      2.5G   0.02673  0.007026         0   0.03376         8       640    0.8986    0.9048    0.9148    0.4999   0.03666  0.005803         0
     89/99      2.5G    0.0257  0.006971         0   0.03267         3       640    0.9161     0.891    0.9251     0.464   0.03725  0.005837         0
     90/99      2.5G   0.02579  0.007186         0   0.03297        12       640    0.9199    0.9388    0.9403    0.4996   0.03643  0.005633         0
     91/99      2.5G    0.0259  0.006987         0   0.03288         5       640    0.9591    0.9592     0.968    0.5106    0.0358  0.005603         0
     92/99      2.5G   0.02545   0.00715         0    0.0326         9       640     0.932     0.932    0.9349    0.4827   0.03648  0.005583         0
     93/99      2.5G   0.02508   0.00708         0   0.03216         9       640    0.9252    0.9251    0.9419    0.5038   0.03583  0.005525         0
     94/99      2.5G   0.02567  0.006713         0   0.03239         7       640     0.898    0.8979    0.9232    0.4743   0.03735  0.006018         0
     95/99      2.5G   0.02532   0.00659         0   0.03191        11       640    0.9183    0.9184    0.9378    0.5071    0.0362  0.005977         0
     96/99      2.5G   0.02609  0.007127         0   0.03322         7       640    0.9315    0.9252    0.9285    0.4881   0.03644    0.0058         0
     97/99      2.5G   0.02514  0.006692         0   0.03183         5       640    0.9384     0.932    0.9406    0.5002   0.03597  0.005707         0
     98/99      2.5G   0.02475  0.006796         0   0.03155         7       640    0.9441    0.9184    0.9364    0.5032   0.03547  0.005525         0
     99/99      2.5G   0.02551  0.006988         0    0.0325         7       640    0.9326    0.9456    0.9489    0.5196   0.03542  0.005511         0
