      0/99    0.805G    0.1168   0.08382   0.03008    0.2307         5       640  0.003944   0.03169 0.0006017 9.128e-05    0.1064   0.06057   0.03178
      1/99    0.875G    0.1107   0.08499   0.02866    0.2243         4       640  0.004913    0.0493  0.001022 0.0001459    0.1009   0.06199    0.0301
      2/99    0.877G    0.1041    0.0944   0.02753    0.2261         3       640  0.009201   0.05282  0.002847 0.0004306   0.09264   0.06408   0.02798
      3/99    0.877G    0.1005   0.09757   0.02559    0.2236        10       640   0.01918    0.1092  0.009165  0.001439   0.08577   0.06556   0.02604
      4/99    0.877G   0.09481   0.09974   0.02478    0.2193        12       640   0.05643    0.1444   0.03205  0.006694   0.07942   0.06654   0.02409
      5/99    0.877G   0.08738   0.09488   0.02294    0.2052         8       640     0.127    0.3426    0.1089   0.02078   0.07393    0.0635   0.02142
      6/99    0.877G   0.08086   0.08385   0.02085    0.1856        10       640    0.1983     0.406    0.1594    0.0365   0.07003   0.05817   0.01924
      7/99    0.877G   0.07649   0.08623   0.01977    0.1825        17       640    0.6771    0.2357    0.1676   0.04101   0.06534   0.05447   0.01789
      8/99    0.877G   0.07264   0.07793   0.02155    0.1721        16       640    0.7406    0.2465    0.2507    0.0636   0.06242   0.05178   0.01753
      9/99    0.877G    0.0698    0.0728   0.01803    0.1606        10       640    0.7497    0.2676    0.2638   0.07531    0.0617   0.04803   0.01706
     10/99    0.877G   0.07134    0.0723   0.01933     0.163        14       640    0.1856    0.5725     0.265   0.07926   0.05758    0.0459   0.01653
     11/99    0.877G   0.06608   0.07294   0.01769    0.1567        10       640    0.6887     0.239    0.1755   0.05348   0.06063   0.04339    0.0164
     12/99    0.877G   0.07453   0.07074   0.01667    0.1619        32       640    0.7202    0.3169    0.2523   0.06518   0.06019   0.04233   0.01627
     13/99    0.877G      0.07   0.07757   0.01928    0.1669        30       640    0.6714    0.3344    0.2212     0.059   0.06179   0.04075   0.01629
     14/99    0.877G   0.06949   0.06985   0.01767     0.157        13       640    0.7317    0.2465     0.236   0.05771    0.0607   0.04031   0.01619
     15/99    0.877G   0.06867   0.06175   0.01665    0.1471         7       640    0.6982    0.3099    0.2746   0.09026   0.05659   0.03982   0.01642
     16/99    0.877G   0.07509   0.06349   0.01769    0.1563         9       640    0.1425    0.6363    0.2453   0.09421   0.06241   0.03958   0.01616
     17/99    0.877G   0.06666   0.07107   0.01722     0.155        15       640    0.1709    0.6257    0.2607   0.09819   0.06118    0.0371    0.0158
     18/99    0.877G   0.06862   0.05398   0.01784    0.1404        11       640    0.6953    0.2923     0.249   0.07752   0.06731   0.03595    0.0157
     19/99    0.877G   0.07185   0.05543   0.01718    0.1445         6       640    0.2306    0.5898    0.3317    0.1117   0.06081   0.03662    0.0158
     20/99    0.877G   0.07206   0.06702   0.01615    0.1552        26       640    0.2809    0.5222    0.3337   0.09938   0.05796   0.03665   0.01557
     21/99    0.877G   0.06413   0.06149   0.01561    0.1412         1       640    0.6633    0.2289    0.1769   0.04044   0.06921   0.03409   0.01569
     22/99    0.877G   0.07063   0.05988   0.01717    0.1477        15       640    0.2932    0.4546    0.3271    0.1298   0.05034   0.03655   0.01571
     23/99    0.877G    0.0597   0.05458   0.01837    0.1326         9       640    0.7164    0.3768     0.329    0.1052    0.0529   0.03514   0.01569
     24/99    0.877G   0.06253   0.05605     0.017    0.1356        15       640    0.1676    0.5827    0.2487     0.102   0.05502   0.03533   0.01558
     25/99    0.877G   0.06032   0.05667   0.01849    0.1355        10       640    0.7047    0.3345    0.2966   0.09475   0.05701   0.03508   0.01556
     26/99    0.877G   0.06212   0.05341   0.01565    0.1312        10       640    0.1869    0.6292    0.2676   0.07643   0.06995   0.03341   0.01566
     27/99    0.877G   0.06944   0.06337    0.0171    0.1499         8       640    0.1947    0.5648    0.2285   0.07801   0.06568   0.03497   0.01511
     28/99    0.877G   0.06769   0.07834   0.01771    0.1637        16       640    0.2269    0.4952    0.3089    0.1652    0.0571   0.04117   0.01627
     29/99    0.877G   0.06389   0.07748   0.01777    0.1591         8       640    0.1252    0.5975    0.1726   0.03624   0.06976   0.03847   0.01568
     30/99    0.877G   0.06228    0.0638   0.01754    0.1436         6       640     0.228    0.5607    0.3557    0.1352   0.05049   0.03639   0.01536
     31/99    0.877G   0.05747    0.0589   0.01503    0.1314         9       640    0.7592    0.2923    0.3266    0.1086   0.05781   0.03471   0.01499
     32/99    0.877G   0.06298    0.0481   0.01665    0.1277         5       640    0.1438    0.6217    0.2368   0.07365   0.06471   0.03448   0.01484
     33/99    0.877G   0.06464   0.05679   0.01791    0.1393         6       640    0.7379    0.2887    0.2659   0.06761    0.0716   0.03397   0.01502
     34/99    0.877G   0.06992   0.04943   0.01496    0.1343         1       640    0.6421    0.5041    0.3996    0.1736   0.06004    0.0352   0.01585
     35/99    0.877G      0.06   0.06192   0.01624    0.1382        11       640     0.348    0.5433    0.3998    0.1714   0.04606   0.03622   0.01615
     36/99    0.877G   0.05329    0.0508   0.01812    0.1222        10       640    0.7584    0.3521    0.3782    0.1497   0.05365   0.03449     0.016
     37/99    0.877G   0.05442   0.05757   0.01663    0.1286         3       640    0.2251    0.6233    0.3295    0.1358   0.05569   0.03489   0.01589
     38/99    0.877G   0.05813   0.04948   0.01559    0.1232         3       640    0.7736    0.2851    0.3023    0.1263   0.05087   0.03355   0.01538
     39/99    0.877G   0.05832   0.05725    0.0169    0.1325        13       640     0.234    0.6292    0.4027    0.1719    0.0459   0.03338    0.0149
     40/99    0.877G    0.0519   0.05513   0.01608    0.1231         2       640    0.2484    0.6863    0.3836    0.1977   0.04578   0.03313   0.01492
     41/99    0.877G   0.05368   0.05028   0.01559    0.1195         4       640      0.28    0.6613    0.3633    0.1163   0.04637   0.03274   0.01503
     42/99    0.877G    0.0509   0.04769   0.01557    0.1142         9       640    0.3702    0.6972    0.4759     0.209   0.04275   0.03332   0.01508
     43/99    0.877G   0.04775   0.05977   0.01705    0.1246         9       640     0.424    0.6577    0.5042    0.2406    0.0442   0.03213   0.01501
     44/99    0.877G   0.04904   0.05418   0.01681      0.12        12       640    0.4563    0.6827    0.5046    0.2506   0.04262   0.03204   0.01498
     45/99    0.877G   0.05138   0.04994   0.01496    0.1163        11       640    0.5209    0.6274     0.515    0.2868    0.0411   0.03264   0.01509
     46/99    0.877G   0.04441   0.04913   0.01484    0.1084         4       640    0.5495    0.6433    0.5599    0.2911   0.04803   0.03304   0.01489
     47/99    0.877G   0.04855   0.05676   0.01508    0.1204        14       640    0.6013    0.6542    0.6314     0.364   0.03688   0.03231   0.01495
     48/99    0.877G   0.04905   0.05107   0.01535    0.1155        11       640    0.4714    0.6613    0.5436    0.2712   0.04316   0.03319     0.015
     49/99    0.877G   0.04639   0.05307   0.01655     0.116        18       640    0.4377    0.7042    0.5585    0.3227   0.03977   0.03273   0.01493
     50/99    0.877G   0.04458   0.05204   0.01681    0.1134         5       640    0.4121    0.7042    0.5416     0.264   0.03869   0.03254   0.01495
     51/99    0.877G   0.04249   0.05493   0.01644    0.1139        15       640    0.5339    0.6863    0.6224    0.3678   0.03482   0.03177   0.01505
     52/99    0.877G   0.03953   0.04666   0.01447    0.1007         3       640    0.5385    0.7007     0.589    0.3272   0.03699   0.03139   0.01525
     53/99    0.877G   0.03962   0.05101   0.01531    0.1059         4       640    0.5327    0.6792    0.5838     0.362   0.03488   0.03158   0.01475
     54/99    0.877G    0.0375   0.05254   0.01547    0.1055        11       640    0.5137    0.6786     0.564    0.3565   0.03288   0.03126   0.01462
     55/99    0.877G   0.03825    0.0503   0.01527    0.1038         4       640    0.4296    0.6972     0.525    0.2779   0.03861   0.03235   0.01454
     56/99    0.877G   0.03897   0.04955   0.01447     0.103        15       640    0.4148    0.7542    0.5246    0.2984   0.03469   0.03132    0.0141
     57/99    0.877G   0.04032   0.04729   0.01372    0.1013        12       640    0.4417    0.7542    0.5378    0.3078   0.03325   0.03107   0.01406
     58/99    0.877G   0.04365   0.05275    0.0153    0.1117        28       640    0.4287    0.7113    0.5224     0.256     0.036   0.03129   0.01434
     59/99    0.877G   0.03497   0.04874   0.01444   0.09815         5       640    0.4627    0.7327    0.5457    0.3292   0.03126   0.03151   0.01419
     60/99    0.877G   0.03522   0.04818   0.01416   0.09755        19       640    0.4482    0.7577    0.5427    0.3099   0.03347   0.03158    0.0139
     61/99    0.877G   0.04127   0.04133   0.01235   0.09495         9       640    0.4552    0.7826    0.5365    0.2371   0.04069   0.03269   0.01412
     62/99    0.877G   0.04417   0.05101   0.01339    0.1086        12       640    0.4606    0.7792    0.5322    0.2888   0.03403   0.03307   0.01356
     63/99    0.877G   0.03547   0.04874   0.01293   0.09714        15       640    0.4873    0.7827    0.5646    0.3587    0.0302   0.03287   0.01321
     64/99    0.877G    0.0344   0.04772   0.01252   0.09464        15       640    0.4868    0.7863     0.573    0.3714   0.03032   0.03255   0.01299
     65/99    0.877G   0.03432   0.04873   0.01199   0.09504         5       640    0.4763    0.7827    0.5768    0.3716   0.03133   0.03229   0.01293
     66/99    0.877G   0.03253   0.04341   0.01236    0.0883         4       640    0.4807    0.8827    0.5813    0.3732   0.02939   0.03211     0.013
     67/99    0.877G   0.03169   0.04726   0.01301   0.09196         3       640    0.4765    0.8577     0.576    0.3639   0.03218   0.03252   0.01299
     68/99    0.877G   0.03454    0.0475   0.01194   0.09398         2       640    0.5124    0.8472     0.582    0.3513   0.03231   0.03234   0.01293
     69/99    0.877G   0.03249   0.05171   0.01221   0.09641        14       640    0.5166    0.8792    0.5957    0.3819   0.03009   0.03196   0.01281
     70/99    0.877G   0.03203   0.05084    0.0127   0.09557         8       640     0.547    0.8542    0.6147    0.3899   0.02962   0.03155   0.01251
     71/99    0.877G   0.02923   0.03986   0.01225   0.08134         9       640    0.5519    0.8237    0.6163    0.3934   0.02983   0.03182   0.01229
     72/99    0.877G   0.02821   0.03983   0.01065   0.07869        11       640    0.5561    0.8456    0.6287    0.4045    0.0291   0.03192   0.01197
     73/99    0.877G   0.02792   0.03917    0.0107   0.07779         7       640    0.5501    0.8507    0.6352    0.4069   0.02812   0.03195   0.01183
     74/99    0.877G   0.02984   0.04405   0.01033   0.08422        10       640    0.5484    0.8502    0.6441    0.4121   0.02956   0.03217    0.0116
     75/99    0.877G   0.03061   0.04328  0.009082   0.08298        11       640    0.5879    0.8659    0.6754    0.4254    0.0309   0.03301   0.01111
     76/99    0.877G   0.03135   0.04541   0.01047   0.08723         3       640    0.5638    0.8457    0.6428     0.416   0.02844    0.0327   0.01099
     77/99    0.877G   0.03018   0.03887   0.01027   0.07932         4       640    0.5702    0.8661    0.6546    0.3896   0.03373   0.03351   0.01085
     78/99    0.877G   0.03287   0.04771  0.008956   0.08954        15       640    0.5604    0.8651    0.6411    0.4146   0.02957    0.0326   0.01118
     79/99    0.877G   0.03176   0.03998   0.01152   0.08326         3       640    0.5721    0.8296    0.6563    0.4314   0.02865   0.03237   0.01109
     80/99    0.877G    0.0285   0.04697  0.009034   0.08451        14       640    0.5525    0.8366    0.6558     0.435    0.0277   0.03248   0.01098
     81/99    0.877G   0.02904    0.0444  0.007761    0.0812         9       640    0.5906    0.8436    0.6916    0.4549   0.02798   0.03269   0.01076
     82/99    0.877G   0.02653   0.03587  0.008026   0.07042         5       640    0.6101    0.8151    0.6858    0.4483   0.02836   0.03319   0.01047
     83/99    0.877G   0.02954   0.04584   0.00891   0.08429        12       640    0.5908    0.8151    0.6738    0.4315   0.02963   0.03334    0.0103
     84/99    0.877G    0.0278   0.04166  0.007429   0.07688         4       640    0.6056    0.8109    0.7038    0.4578   0.02995   0.03353  0.009958
     85/99    0.877G   0.02883   0.03962  0.008816   0.07726         3       640     0.627    0.7761    0.6958    0.4555   0.02912   0.03348  0.009625
     86/99    0.877G   0.02995   0.03942  0.007369   0.07674        14       640    0.6398    0.7777     0.706    0.4557   0.03077   0.03357  0.009454
     87/99    0.877G   0.02819   0.04324  0.008559      0.08         9       640    0.6019    0.8047    0.7018    0.4585   0.02888   0.03333  0.009456
     88/99    0.877G   0.02892   0.04484  0.008614   0.08237         7       640    0.6312     0.769    0.7019    0.4567   0.02987   0.03316  0.009726
     89/99    0.877G   0.02714   0.03769  0.007194   0.07202        18       640     0.619     0.794    0.6929    0.4632   0.02834   0.03303   0.00977
     90/99    0.877G   0.02961   0.04786  0.007482   0.08494        16       640    0.6426    0.7604    0.7172    0.4752   0.02861   0.03265  0.009488
     91/99    0.877G   0.02667   0.03937  0.007532   0.07358         9       640    0.6563    0.8153    0.7264    0.4712    0.0282   0.03256  0.009187
     92/99    0.877G   0.02538   0.03825  0.006621   0.07025        17       640    0.6651    0.8155    0.7333    0.4768   0.02832   0.03277  0.008838
     93/99    0.877G   0.02953   0.05144  0.007368   0.08834         2       640    0.6803    0.8372    0.7583    0.4741   0.03107   0.03354   0.00869
     94/99    0.877G   0.02738   0.04302  0.005958   0.07636         2       640     0.698    0.8177    0.7666    0.4935   0.03022   0.03342  0.008595
     95/99    0.877G   0.02587    0.0395  0.005273   0.07064         5       640    0.7033    0.8452    0.7713    0.4924   0.02825   0.03323  0.008425
     96/99    0.877G   0.02801   0.04362  0.005312   0.07695         7       640    0.6434    0.8511    0.7425    0.4834   0.03039   0.03362  0.008285
     97/99    0.877G   0.02631    0.0381  0.005604   0.07001         4       640    0.6151    0.8366    0.7547    0.4879   0.02845   0.03377  0.008376
     98/99    0.877G   0.02595    0.0364   0.00472   0.06706         3       640    0.6502    0.8771    0.7773    0.5057      0.03   0.03371  0.008136
     99/99    0.877G   0.02774   0.03658  0.005759   0.07008         3       640    0.6937    0.8611    0.7857    0.5114   0.02848   0.03389  0.008077
